71.5065620776789
71.5065620776789
-71.3063208368956
-71.3063208368956
70.6066104179304
70.6066104179304
-70.4061388451511
-70.4061388451511
69.7064704838099
69.7064704838099
-69.5064911467785
-69.5064911467785
69.3068811801043
69.3068811801043
-69.1066203131372
-69.1066203131372
68.9071484628475
68.9071484628475
-68.7071627561148
-68.7071627561148
68.507242825863
68.507242825863
-68.3072523821082
-68.3072523821082
68.1072747077978
68.1072747077978
-67.907590484196
-67.907590484196
67.7072931504311
67.7072931504311
-67.5074852422201
-67.5074852422201
67.30731499316
67.30731499316
-67.1073734229274
-67.1073734229274
66.9073345345236
66.9073345345236
-66.7073475683074
-66.7073475683074
66.5073540576329
66.5073540576329
-66.3073624248194
-66.3073624248194
66.1073717953114
66.1073717953114
-65.9073838432234
-65.9073838432234
65.7073925847488
65.7073925847488
-65.5074040327748
-65.5074040327748
65.3074130520986
65.3074130520986
-65.1074258361652
-65.1074258361652
64.9074358086817
64.9074358086817
-64.707441920399
-64.707441920399
64.5074545008443
64.5074545008443
-64.3074622024436
-64.3074622024436
64.1074762828389
64.1074762828389
-63.9074850080441
-63.9074850080441
63.7074956678659
63.7074956678659
-63.5075052078662
-63.5075052078662
63.3075119460234
63.3075119460234
-63.1075225999625
-63.1075225999625
62.9075334056822
62.9075334056822
-62.7075435246067
-62.7075435246067
62.5075550904005
62.5075550904005
-62.3075620558665
-62.3075620558665
62.1075711105736
62.1075711105736
-61.9075844630797
-61.9075844630797
61.7075925975512
61.7075925975512
-61.5076030131161
-61.5076030131161
61.307615654299
61.307615654299
-61.1076225847489
-61.1076225847489
60.9076326377091
60.9076326377091
-60.7076456194299
-60.7076456194299
60.5076535479404
60.5076535479404
-60.3076677660957
-60.3076677660957
60.1076723228837
60.1076723228837
-59.907687083388
-59.907687083388
59.7076961589376
59.7076961589376
-59.5077047150554
-59.5077047150554
59.3077155385746
59.3077155385746
-59.1077178386053
-59.1077178386053
58.9077355488474
58.9077355488474
-58.7077427548371
-58.7077427548371
58.5077534472139
58.5077534472139
-58.3077649985199
-58.3077649985199
58.1077732792833
58.1077732792833
-57.9077821224903
-57.9077821224903
57.707791148304
57.707791148304
-57.5077998568881
-57.5077998568881
57.3078145978121
57.3078145978121
-57.1078254379273
-57.1078254379273
56.9078349953993
56.9078349953993
-56.7078471037783
-56.7078471037783
56.5078527358344
56.5078527358344
-56.3078637784473
-56.3078637784473
56.1078741544682
56.1078741544682
-55.9078844608886
-55.9078844608886
55.7078952193472
55.7078952193472
-55.5079029420147
-55.5079029420147
55.3079149471064
55.3079149471064
-55.1079248241973
-55.1079248241973
54.9079337596537
54.9079337596537
-54.7079460323895
-54.7079460323895
54.5079540738921
54.5079540738921
-54.3079653013983
-54.3079653013983
54.1079725847488
54.1079725847488
-53.9079842307984
-53.9079842307984
53.7079920727221
53.7079920727221
-53.5080029532619
-53.5080029532619
53.3080065046334
53.3080065046334
-53.1080230254172
-53.1080230254172
52.9080342530208
52.9080342530208
-52.708042062709
-52.708042062709
52.507877710196
52.507877710196
-52.308064058969
-52.308064058969
52.1077744638247
52.1077744638247
-51.9080823816262
-51.9080823816262
51.7080971681697
51.7080971681697
-51.5081044147724
-51.5081044147724
51.3081153001989
51.3081153001989
-51.1081258450701
-51.1081258450701
50.9081341372147
50.9081341372147
-50.7081440691923
-50.7081440691923
50.5081518330775
50.5081518330775
-50.3081657803366
-50.3081657803366
50.1081737303687
50.1081737303687
-49.9081843393416
-49.9081843393416
49.7081942541479
49.7081942541479
-49.5082015913289
-49.5082015913289
49.3082140326949
49.3082140326949
-49.1082201377948
-49.1082201377948
48.9082325847596
48.9082325847596
-48.7082450163874
-48.7082450163874
48.5082499980874
48.5082499980874
-48.3082657303579
-48.3082657303579
48.1082742018764
48.1082742018764
-47.9082842508101
-47.9082842508101
47.7082937492132
47.7082937492132
-47.5083072852908
-47.5083072852908
47.3083127260012
47.3083127260012
-47.1083235309564
-47.1083235309564
46.9083347483252
46.9083347483252
-46.7083424130367
-46.7083424130367
46.5083521004317
46.5083521004317
-46.3083640861009
-46.3083640861009
46.1083725847488
46.1083725847488
-45.9083825847488
-45.9083825847488
45.7083925704825
45.7083925704825
-45.5084034783837
-45.5084034783837
45.3084158058593
45.3084158058593
-45.108423579365
-45.108423579365
44.9084323990615
44.9084323990615
-44.7084425880384
-44.7084425880384
44.5084538198088
44.5084538198088
-44.3084630227723
-44.3084630227723
44.1084745441616
44.1084745441616
-43.908482814975
-43.908482814975
43.7084933389066
43.7084933389066
-43.5085032094908
-43.5085032094908
43.3085136393896
43.3085136393896
-43.1085219879783
-43.1085219879783
42.9085357711817
42.9085357711817
-42.7085182761773
-42.7085182761773
42.5085555794461
42.5085555794461
-42.3084288185587
-42.3084288185587
42.1085740935986
42.1085740935986
-41.9082918360046
-41.9082918360046
41.7085913305302
41.7085913305302
-41.5084198167253
-41.5084198167253
41.308613477348
41.308613477348
-41.1088092300833
-41.1088092300833
40.9086316220723
40.9086316220723
-40.7089349960662
-40.7089349960662
40.508655365721
40.508655365721
-40.3087986544411
-40.3087986544411
40.1086764645216
40.1086764645216
-39.9087112056788
-39.9087112056788
39.7086940921521
39.7086940921521
-39.5087075525735
-39.5087075525735
39.308713175038
39.308713175038
-39.1087245414011
-39.1087245414011
38.9087335468655
38.9087335468655
-38.7087435623521
-38.7087435623521
38.5086207097916
38.5086207097916
-38.3087619647527
-38.3087619647527
38.1087725847489
38.1087725847489
-37.9087909204623
-37.9087909204623
37.7087939701997
37.7087939701997
-37.5088815701633
-37.5088815701633
37.3088140440412
37.3088140440412
-37.1091138166334
-37.1091138166334
36.908832736569
36.908832736569
-36.7093668994644
-36.7093668994644
37.5094428205542
37.5094428205542
-41.3088722623686
-41.3088722623686
51.6088747458371
51.6088747458371
-68.4088927149675
-68.4088927149675
78.7091173708653
78.7091173708653
-63.5089708332482
-63.5089708332482
26.3089797690716
26.3089797690716
3.39085387551832
3.39085387551832
-5.59113556655878
-5.59113556655878
-10.2089434232434
-10.2089434232434
24.5083628123219
24.5083628123219
-31.8084498982071
-31.8084498982071
33.6083826973875
33.6083826973875
-33.9084021168145
-33.9084021168145
33.7089938018467
33.7089938018467
-33.5086956167533
-33.5086956167533
33.3090116770555
33.3090116770555
-33.1090233022334
-33.1090233022334
32.9090330177004
32.9090330177004
-32.7088584825262
-32.7088584825262
32.5090533672181
32.5090533672181
-32.3087607229263
-32.3087607229263
32.1090745424185
32.1090745424185
-31.9089827011329
-31.9089827011329
31.709092584749
31.709092584749
-31.5093506948283
-31.5093506948283
31.3091154611751
31.3091154611751
-31.1091210432486
-31.1091210432486
30.9091334357684
30.9091334357684
-30.7092426520636
-30.7092426520636
30.5091511216142
30.5091511216142
-30.3091809225347
-30.3091809225347
30.1091725415519
30.1091725415519
-29.9091845244852
-29.9091845244852
29.7091922252076
29.7091922252076
-29.509203578276
-29.509203578276
29.3092140101505
29.3092140101505
-29.1092244671095
-29.1092244671095
28.9092344331525
28.9092344331525
-28.7092430469634
-28.7092430469634
28.5092531730014
28.5092531730014
-28.3092625847488
-28.3092625847488
28.1092711691956
28.1092711691956
-27.9092829312786
-27.9092829312786
27.7092932245544
27.7092932245544
-27.509302387687
-27.509302387687
27.3093130427914
27.3093130427914
-27.1093229637268
-27.1093229637268
26.9093328712127
26.9093328712127
-26.7093426488187
-26.7093426488187
26.5093525847533
26.5093525847533
-26.3093637328613
-26.3093637328613
26.1093725875027
26.1093725875027
-25.9093851714877
-25.9093851714877
25.7093938729744
25.7093938729744
-25.509402665731
-25.509402665731
25.3094133219007
25.3094133219007
-25.1094213935831
-25.1094213935831
24.9094328538936
24.9094328538936
-24.7094430202906
-24.7094430202906
24.5094566013484
24.5094566013484
-24.3094639601401
-24.3094639601401
24.1094734401936
24.1094734401936
-23.9094826574644
-23.9094826574644
23.7094917561987
23.7094917561987
-23.5095025847489
-23.5095025847489
23.3095136018862
23.3095136018862
-23.1095230933815
-23.1095230933815
22.9095339745276
22.9095339745276
-22.7095426545333
-22.7095426545333
22.5095526772589
22.5095526772589
-22.3095626319322
-22.3095626319322
22.1095725847488
22.1095725847488
-21.9095834827627
-21.9095834827627
21.709593671593
21.709593671593
-21.5096037360248
-21.5096037360248
21.3096136282496
21.3096136282496
-21.1096246380972
-21.1096246380972
20.9096327910089
20.9096327910089
-20.7096439757553
-20.7096439757553
20.5096534533051
20.5096534533051
-20.3096622731194
-20.3096622731194
20.1096735800791
20.1096735800791
-19.9096820588042
-19.9096820588042
19.7096931043431
19.7096931043431
-19.5097034894658
-19.5097034894658
19.3097127637909
19.3097127637909
-19.1097225847489
-19.1097225847489
18.9097337487766
18.9097337487766
-18.7097428083332
-18.7097428083332
18.5097541511965
18.5097541511965
-18.3097629990207
-18.3097629990207
18.1097735440636
18.1097735440636
-17.909782481647
-17.909782481647
17.709793759783
17.709793759783
-17.5098034599339
-17.5098034599339
17.3098125847488
17.3098125847488
-17.1098225878527
-17.1098225878527
16.9098321909169
16.9098321909169
-16.7098429329118
-16.7098429329118
16.5098522663725
16.5098522663725
-16.3098629912793
-16.3098629912793
16.1098733596532
16.1098733596532
-15.909882800425
-15.909882800425
15.7098933583837
15.7098933583837
-15.5099028385387
-15.5099028385387
15.3099141127773
15.3099141127773
-15.1099233403936
-15.1099233403936
14.9099332637836
14.9099332637836
-14.7099427872569
-14.7099427872569
14.5099525987089
14.5099525987089
-14.3099625847488
-14.3099625847488
14.1099732278562
14.1099732278562
-13.9099823471717
-13.9099823471717
13.7099922192251
13.7099922192251
-13.5100029414292
-13.5100029414292
13.3100121211725
13.3100121211725
-13.1100237657386
-13.1100237657386
12.9100330293743
12.9100330293743
-12.7100427029599
-12.7100427029599
12.5100531683904
12.5100531683904
-12.3100627367747
-12.3100627367747
12.1100726397118
12.1100726397118
-11.9100770834389
-11.9100770834389
11.7100926342728
11.7100926342728
-11.5100593241838
-11.5100593241838
11.3101127425555
11.3101127425555
-11.1101225847488
-11.1101225847488
10.9101328370759
10.9101328370759
-10.7098395789039
-10.7098395789039
10.5101530739429
10.5101530739429
-10.3100627540873
-10.3100627540873
10.1101725567142
10.1101725567142
-9.91043203508665
-9.91043203508665
9.7101925866854
9.7101925866854
-9.5102026154673
-9.5102026154673
9.31021247876239
9.31021247876239
-9.1103213137498
-9.1103213137498
8.91023283659389
8.91023283659389
-8.71025966191939
-8.71025966191939
8.51025309889715
8.51025309889715
-8.31026271189066
-8.31026271189066
8.11027289905543
8.11027289905543
-7.91028323776134
-7.91028323776134
7.71029275334719
7.71029275334719
-7.51030304246773
-7.51030304246773
7.31031270593969
7.31031270593969
-7.11030800014335
-7.11030800014335
6.91033285823155
6.91033285823155
-6.71034274301262
-6.71034274301262
6.51035232762764
6.51035232762764
-6.31036271495619
-6.31036271495619
6.11037265449153
6.11037265449153
-5.91012226360044
-5.91012226360044
5.71039276108064
5.71039276108064
-5.5104024342113
-5.5104024342113
5.31041250018897
5.31041250018897
-5.11042276736732
-5.11042276736732
4.91041751930235
4.91041751930235
-4.71044196874712
-4.71044196874712
4.51036070492189
4.51036070492189
-4.3104493323223
-4.3104493323223
4.1104727541381
4.1104727541381
-3.91040051518229
-3.91040051518229
3.71049257243523
3.71049257243523
-3.5104979290131
-3.5104979290131
3.3105125876291
3.3105125876291
-3.10907398338893
-3.10907398338893
2.90956730651117
2.90956730651117
-2.71032565037482
-2.71032565037482
2.51098022699516
2.51098022699516
-2.31063341673176
-2.31063341673176
2.11126437069102
2.11126437069102
-2.41343540997739
-2.41343540997739
2.2121829738338
2.2121829738338
-2.51111424066135
-2.51111424066135
2.31068586352774
2.31068586352774
-2.61192102214107
-2.61192102214107
2.91015456467874
2.91015456467874
-2.71139524443482
-2.71139524443482
2.51086846297607
2.51086846297607
-1.81088166437378
-1.81088166437378
0.610889241915716
0.610889241915716
0.589814973637478
0.589814973637478
-1.78930741664816
-1.78930741664816
2.49010051469654
2.49010051469654
-2.68991474970846
-2.68991474970846
2.88909224424916
2.88909224424916
-2.59022399342297
-2.59022399342297
2.28926822278807
2.28926822278807
-2.49125940840388
-2.49125940840388
2.19107588628728
2.19107588628728
-2.38913895378746
-2.38913895378746
2.09145144122145
2.09145144122145
-2.28929313965573
-2.28929313965573
2.48942933720384
2.48942933720384
-2.68863423555253
-2.68863423555253
2.88890794096613
2.88890794096613
-3.08830998398069
-3.08830998398069
3.2888991798697
3.2888991798697
-3.4879478703181
-3.4879478703181
3.68850497919728
3.68850497919728
-3.8891274152512
-3.8891274152512
4.08877163389023
4.08877163389023
-4.28909204464643
-4.28909204464643
4.48899861787332
4.48899861787332
-4.68908646126306
-4.68908646126306
4.88906075529695
4.88906075529695
-5.0890673899832
-5.0890673899832
5.28905750198816
5.28905750198816
-5.48914747345511
-5.48914747345511
5.68903772860929
5.68903772860929
-5.88902741630462
-5.88902741630462
6.08901775289589
6.08901775289589
-6.2890073775464
-6.2890073775464
6.48899741525118
6.48899741525118
-6.68898731052432
-6.68898731052432
6.88897742727295
6.88897742727295
-7.08896757210586
-7.08896757210586
7.28895725315874
7.28895725315874
-7.48894659910829
-7.48894659910829
7.68893733073576
7.68893733073576
-7.88892758486767
-7.88892758486767
8.08891821312304
8.08891821312304
-8.28890870303556
-8.28890870303556
8.48889847589977
8.48889847589977
-8.68890244030611
-8.68890244030611
8.88887816942283
8.88887816942283
-9.08886771127649
-9.08886771127649
9.28885687551231
9.28885687551231
-9.48910365150835
-9.48910365150835
9.68883693281904
9.68883693281904
-9.88882742857312
-9.88882742857312
10.0888176593837
10.0888176593837
-10.2887283411854
-10.2887283411854
10.4887979271938
10.4887979271938
-10.6884847465461
-10.6884847465461
10.8887776364419
10.8887776364419
-11.0885808886324
-11.0885808886324
11.2887576887259
11.2887576887259
-11.4886995329309
-11.4886995329309
11.6887376627683
11.6887376627683
-11.8887219965597
-11.8887219965597
12.0887181292154
12.0887181292154
-12.2887066762706
-12.2887066762706
12.4886986248621
12.4886986248621
-12.6886880817565
-12.6886880817565
12.8886774530861
12.8886774530861
-13.0886691652289
-13.0886691652289
13.2886573329668
13.2886573329668
-13.4886484525151
-13.4886484525151
13.6886376950011
13.6886376950011
-13.8886278753625
-13.8886278753625
14.088617722496
14.088617722496
-14.2886073228355
-14.2886073228355
14.4885979266632
14.4885979266632
-14.6885878894832
-14.6885878894832
14.8885782100322
14.8885782100322
-15.088568109293
-15.088568109293
15.2885581813544
15.2885581813544
-15.4885473204108
-15.4885473204108
15.6885390608006
15.6885390608006
-15.8885274592672
-15.8885274592672
16.0885177204599
16.0885177204599
-16.2885077550227
-16.2885077550227
16.4884977965518
16.4884977965518
-16.6884878057612
-16.6884878057612
16.8884763824657
16.8884763824657
-17.0884675451214
-17.0884675451214
17.2884566445585
17.2884566445585
-17.4884482719249
-17.4884482719249
17.6884375503604
17.6884375503604
-17.8884278410832
-17.8884278410832
18.0884183217261
18.0884183217261
-18.2884076953561
-18.2884076953561
18.4883983955527
18.4883983955527
-18.6883887435308
-18.6883887435308
18.8883773983216
18.8883773983216
-19.0883684907932
-19.0883684907932
19.2883576946259
19.2883576946259
-19.4883475231183
-19.4883475231183
19.6883372086283
19.6883372086283
-19.8883278765855
-19.8883278765855
20.0883183560534
20.0883183560534
-20.2883080056664
-20.2883080056664
20.4882974701952
20.4882974701952
-20.6882886929213
-20.6882886929213
20.8882768801055
20.8882768801055
-21.0882684719035
-21.0882684719035
21.2882574516694
21.2882574516694
-21.4882478401074
-21.4882478401074
21.6882390897375
21.6882390897375
-21.8882275424865
-21.8882275424865
22.0882188648294
22.0882188648294
-22.288208603082
-22.288208603082
22.4881981947288
22.4881981947288
-22.688187933076
-22.688187933076
22.8881777138983
22.8881777138983
-23.0881675001607
-23.0881675001607
23.2881577438806
23.2881577438806
-23.4881476073852
-23.4881476073852
23.6881374829355
23.6881374829355
-23.8881274069306
-23.8881274069306
24.0881170197187
24.0881170197187
-24.2881094319122
-24.2881094319122
24.4880979353055
24.4880979353055
-24.6880885560202
-24.6880885560202
24.8880788709365
24.8880788709365
-25.0880676200967
-25.0880676200967
25.2880596795922
25.2880596795922
-25.488046862023
-25.488046862023
25.6880389064877
25.6880389064877
-25.8880287125365
-25.8880287125365
26.0880165290356
26.0880165290356
-26.2880094793611
-26.2880094793611
26.4879960992601
26.4879960992601
-26.6879874899424
-26.6879874899424
26.8879758573275
26.8879758573275
-27.0879674253538
-27.0879674253538
27.2879585435165
27.2879585435165
-27.4879485724105
-27.4879485724105
27.6879396507944
27.6879396507944
-27.8879283256801
-27.8879283256801
28.0879186390915
28.0879186390915
-28.2879066194381
-28.2879066194381
28.4878984724136
28.4878984724136
-28.6878891659921
-28.6878891659921
28.8878776170791
28.8878776170791
-29.0878687809462
-29.0878687809462
29.2878592405928
29.2878592405928
-29.4878484590458
-29.4878484590458
29.6878388909973
29.6878388909973
-29.8878296264805
-29.8878296264805
30.0878181632698
30.0878181632698
-30.2878247239536
-30.2878247239536
30.4877976957454
30.4877976957454
-30.6878796248463
-30.6878796248463
30.8877781207689
30.8877781207689
-31.0877674224828
-31.0877674224828
31.2877593175619
31.2877593175619
-31.4880077827861
-31.4880077827861
31.6877390008561
31.6877390008561
-31.887649432121
-31.887649432121
32.0877187478172
32.0877187478172
-32.2874060296494
-32.2874060296494
32.4876981894463
32.4876981894463
-32.687493199302
-32.687493199302
32.8876757192053
32.8876757192053
-33.0875481104837
-33.0875481104837
33.2876581679579
33.2876581679579
-33.4875761747252
-33.4875761747252
33.6875664432323
33.6875664432323
-33.8876274152512
-33.8876274152512
34.0876182008734
34.0876182008734
-34.2870704135933
-34.2870704135933
34.4870206253694
34.4870206253694
-34.6875474194922
-34.6875474194922
34.8875774152513
34.8875774152513
-35.0880006625912
-35.0880006625912
35.2875581198537
35.2875581198537
-35.4879240290934
-35.4879240290934
35.6875283554133
35.6875283554133
-35.8875288124343
-35.8875288124343
36.0878183183752
36.0878183183752
-36.2878572136382
-36.2878572136382
36.4874976060454
36.4874976060454
-36.6880147936811
-36.6880147936811
36.8877086698904
36.8877086698904
-37.0876998581878
-37.0876998581878
37.2875409060985
37.2875409060985
-37.4875323167741
-37.4875323167741
37.6874378923017
37.6874378923017
-37.8874274152512
-37.8874274152512
38.0871347100208
38.0871347100208
-38.2874081523075
-38.2874081523075
38.4873982074292
38.4873982074292
-38.6873896409607
-38.6873896409607
38.887376048704
38.887376048704
-39.0873693501254
-39.0873693501254
39.2873555673731
39.2873555673731
-39.4873523356138
-39.4873523356138
39.6873407551711
39.6873407551711
-39.8873515341831
-39.8873515341831
40.0873192882029
40.0873192882029
-40.2874331141996
-40.2874331141996
40.487297415749
40.487297415749
-40.687574450737
-40.687574450737
40.8872765976403
40.8872765976403
-41.0874701178717
-41.0874701178717
41.2872566441226
41.2872566441226
-41.4870800163383
-41.4870800163383
41.6872372298875
41.6872372298875
-41.8869314756652
-41.8869314756652
42.0872195193025
42.0872195193025
-42.2870633562023
-42.2870633562023
42.4871984435819
42.4871984435819
-42.6871586360774
-42.6871586360774
42.8871785514217
42.8871785514217
-43.0871670883982
-43.0871670883982
43.287158422095
43.287158422095
-43.4871467553967
-43.4871467553967
43.6871395318719
43.6871395318719
-43.8871282796626
-43.8871282796626
44.0871185739093
44.0871185739093
-44.287109504579
-44.287109504579
44.4870996370921
44.4870996370921
-44.687087529302
-44.687087529302
44.8870779968556
44.8870779968556
-45.0870681136156
-45.0870681136156
45.2870583944313
45.2870583944313
-45.4870505268473
-45.4870505268473
45.6870392119056
45.6870392119056
-45.8870276890589
-45.8870276890589
46.0870172892143
46.0870172892143
-46.287005904511
-46.287005904511
46.4869997243339
46.4869997243339
-46.6869885394693
-46.6869885394693
46.8869791176866
46.8869791176866
-47.0869695357807
-47.0869695357807
47.2869598264838
47.2869598264838
-47.4869491798413
-47.4869491798413
47.6869411437094
47.6869411437094
-47.8869301261741
-47.8869301261741
48.0869209134064
48.0869209134064
-48.2869075755147
-48.2869075755147
48.4868969242539
48.4868969242539
-48.6868879024032
-48.6868879024032
48.8868755737962
48.8868755737962
-49.0868674152514
-49.0868674152514
49.2868582681507
49.2868582681507
-49.4868488372603
-49.4868488372603
49.6868389639028
49.6868389639028
-49.8868268049904
-49.8868268049904
50.0868347465087
50.0868347465087
-50.2868087266538
-50.2868087266538
50.4867987793803
50.4867987793803
-50.6867912244592
-50.6867912244592
50.8870343229724
50.8870343229724
-51.0867691629919
-51.0867691629919
51.2870182305935
51.2870182305935
-51.4867493234024
-51.4867493234024
51.68665949931
51.68665949931
-51.8867265493345
-51.8867265493345
52.0864166678824
52.0864166678824
-52.2867074152514
-52.2867074152514
52.4867001165187
52.4867001165187
-52.6866885401792
-52.6866885401792
52.8866299908949
52.8866299908949
-53.086669368047
-53.086669368047
53.2866587434362
53.2866587434362
-53.4866492311265
-53.4866492311265
53.6866341828858
53.6866341828858
-53.886628116583
-53.886628116583
54.0866165823802
54.0866165823802
-54.2866103077649
-54.2866103077649
54.4866005726717
54.4866005726717
-54.686589687794
-54.686589687794
54.8865801860484
54.8865801860484
-55.0865685102929
-55.0865685102929
55.2865601812862
55.2865601812862
-55.4865498553296
-55.4865498553296
55.6865401414825
55.6865401414825
-55.8865274152512
-55.8865274152512
56.0865183436719
56.0865183436719
-56.2865083170622
-56.2865083170622
56.4864983820714
56.4864983820714
-56.686487979629
-56.686487979629
56.8864781745074
56.8864781745074
-57.0864688829424
-57.0864688829424
57.286458018348
57.286458018348
-57.4864475684802
-57.4864475684802
57.6864387632588
57.6864387632588
-57.8864290788333
-57.8864290788333
58.0864180584823
58.0864180584823
-58.2864126940319
-58.2864126940319
58.4863983301168
58.4863983301168
-58.6863894543209
-58.6863894543209
58.8863796627519
58.8863796627519
-59.0863677623609
-59.0863677623609
59.2863614634806
59.2863614634806
-59.4863475695809
-59.4863475695809
59.6863374152512
59.6863374152512
-59.8863290675735
-59.8863290675735
60.0863183529054
60.0863183529054
-60.2863149762024
-60.2863149762024
60.4862987375807
60.4862987375807
-60.6862885899609
-60.6862885899609
60.8862802670976
60.8862802670976
-61.0862667386129
-61.0862667386129
61.2862619986053
61.2862619986053
-61.4862487970547
-61.4862487970547
61.6862414312904
61.6862414312904
-61.886227827039
-61.886227827039
62.0862188095515
62.0862188095515
-62.286208833117
-62.286208833117
62.4861983142247
62.4861983142247
-62.6861869467179
-62.6861869467179
62.8861781585167
62.8861781585167
-63.0861713937943
-63.0861713937943
63.2861605233631
63.2861605233631
-63.4861504312631
-63.4861504312631
63.6861397645192
63.6861397645192
-63.886132848638
-63.886132848638
64.0861182268862
64.0861182268862
-64.28611065425
-64.28611065425
64.4860962956824
64.4860962956824
-64.6860860273683
-64.6860860273683
64.8860782468074
64.8860782468074
-65.0860683238576
-65.0860683238576
65.2860610536574
65.2860610536574
-65.4860493907599
-65.4860493907599
65.6860384204292
65.6860384204292
-65.8860269985081
-65.8860269985081
66.0860183138177
66.0860183138177
-66.2860074152513
-66.2860074152513
66.4860002677203
66.4860002677203
-66.6859885584712
-66.6859885584712
66.8859807613303
66.8859807613303
-67.0860105495106
-67.0860105495106
67.2859576153294
67.2859576153294
-67.486122169111
-67.486122169111
67.6859409955969
67.6859409955969
-67.8859277777024
-67.8859277777024
68.0859199946847
68.0859199946847
-68.2860071902449
-68.2860071902449
68.4858936256478
68.4858936256478
-68.6855717524343
-68.6855717524343
68.885799524244
68.885799524244
-69.0850964777238
-69.0850964777238
69.2856145747381
69.2856145747381
-69.48570933696
-69.48570933696
69.6851454655787
69.6851454655787
-70.3850569411555
-70.3850569411555
70.5850047440734
70.5850047440734
-71.2850746808645
-71.2850746808645
71.4857257277986
71.4857257277986
-71.6851867130316
-71.6851867130316
71.8863263497865
71.8863263497865
-71.586480769316
-71.586480769316
71.7866640887915
71.7866640887915
-71.4858479586663
-71.4858479586663
71.6854618253021
71.6854618253021
-71.8850282901815
-71.8850282901815
72.0854026692387
72.0854026692387
-72.2851496086171
-72.2851496086171
72.4854208980667
72.4854208980667
-72.6855010013511
-72.6855010013511
72.8854026522736
72.8854026522736
-73.0856384540441
-73.0856384540441
73.2856547817024
73.2856547817024
-73.4856481872119
-73.4856481872119
73.6856362534559
73.6856362534559
-73.8856282840826
-73.8856282840826
74.0856199701965
74.0856199701965
-74.2856080915135
-74.2856080915135
74.4856002844869
74.4856002844869
-74.6855881057301
-74.6855881057301
74.8855774152511
74.8855774152511
-75.0855674152509
-75.0855674152509
75.28555816116
75.28555816116
-75.4855495170687
-75.4855495170687
75.685540698637
75.685540698637
-75.8855292679281
-75.8855292679281
76.0855166584642
76.0855166584642
-76.2855112082275
-76.2855112082275
76.4854978385859
76.4854978385859
-76.6854882810471
-76.6854882810471
76.8854836767808
76.8854836767808
-77.0854686613732
-77.0854686613732
77.285461170445
77.285461170445
-77.4854485611908
-77.4854485611908
77.6854384893605
77.6854384893605
-77.885432894976
-77.885432894976
78.0854191230053
78.0854191230053
-78.2854100389256
-78.2854100389256
78.485399410037
78.485399410037
-78.6853874161719
-78.6853874161719
78.8853774152709
78.8853774152709
-79.0853664486692
-79.0853664486692
79.2850654539979
79.2850654539979
-79.4853503033974
-79.4853503033974
79.685341105104
79.685341105104
-79.8853306816897
-79.8853306816897
80.0853166186658
80.0853166186658
-80.2853115319
-80.2853115319
80.4852987292898
80.4852987292898
-80.685291447718
-80.685291447718
80.8852799776205
80.8852799776205
-81.0852674161816
-81.0852674161816
81.2852596045625
81.2852596045625
-81.485246399232
-81.485246399232
81.6852376689908
81.6852376689908
-81.8852275111777
-81.8852275111777
82.0852215179961
82.0852215179961
-82.2852114267124
-82.2852114267124
82.4852023688197
82.4852023688197
-82.6851926405255
-82.6851926405255
82.8851805664525
82.8851805664525
-83.0851715686797
-83.0851715686797
83.2851574152511
83.2851574152511
-83.4851474152512
-83.4851474152512
83.6851363503638
83.6851363503638
-83.8851268512039
-83.8851268512039
84.0851170275859
84.0851170275859
-84.2851092292306
-84.2851092292306
84.4851003403523
84.4851003403523
-84.6850914015258
-84.6850914015258
84.885082797259
84.885082797259
-85.085069738134
-85.085069738134
85.2850616791097
85.2850616791097
-85.4850477530681
-85.4850477530681
85.6850409438573
85.6850409438573
-85.8850328074628
-85.8850328074628
86.0850198337143
86.0850198337143
-86.2850114966398
-86.2850114966398
86.4849996110852
86.4849996110852
-86.6849877038433
-86.6849877038433
86.8849774388706
86.8849774388706
-87.0849705272577
-87.0849705272577
87.2849584793617
87.2849584793617
-87.4849503879555
-87.4849503879555
87.684942413672
87.684942413672
-87.8849286128744
-87.8849286128744
88.0849181905678
88.0849181905678
-88.2849082213261
-88.2849082213261
88.484896464618
88.484896464618
-88.6848891799664
-88.6848891799664
88.8848774152512
88.8848774152512
-89.0848674152512
-89.0848674152512
89.2848606396144
89.2848606396144
-89.4848476900082
-89.4848476900082
89.6848420290479
89.6848420290479
-89.8848316338487
-89.8848316338487
90.0848199384917
90.0848199384917
-90.2848099589934
-90.2848099589934
90.4848016562835
90.4848016562835
-90.6847901049974
-90.6847901049974
90.8847794224436
90.8847794224436
-91.0847719682809
-91.0847719682809
91.2847565168618
91.2847565168618
-91.4847504449694
-91.4847504449694
91.6847376758674
91.6847376758674
-91.8847274173084
-91.8847274173084
92.0847232558426
92.0847232558426
-92.2847080354652
-92.2847080354652
92.4847020421082
92.4847020421082
-92.6846930434867
-92.6846930434867
92.8846812131809
92.8846812131809
-93.0846720242044
-93.0846720242044
93.2846574152511
93.2846574152511
-93.4846497242532
-93.4846497242532
93.6846365146259
93.6846365146259
-93.8846282237561
-93.8846282237561
94.0846195310372
94.0846195310372
-94.2846061468454
-94.2846061468454
94.4846018454549
94.4846018454549
-94.6845874152512
-94.6845874152512
94.8845800871463
94.8845800871463
-95.0845721684831
-95.0845721684831
95.2845587361123
95.2845587361123
-95.4845533931923
-95.4845533931923
95.6845422058703
95.6845422058703
-95.8845289525678
-95.8845289525678
96.084520061588
96.084520061588
-96.2845094144022
-96.2845094144022
96.4844974152515
96.4844974152515
-96.6845080951427
-96.6845080951427
96.8846156091504
96.8846156091504
-97.0845617325728
-97.0845617325728
97.2847956272396
97.2847956272396
-97.4846599725936
-97.4846599725936
97.6847222393567
97.6847222393567
-97.8845429484934
-97.8845429484934
98.0845298190213
98.0845298190213
-98.2842135077656
-98.2842135077656
97.9839866313142
97.9839866313142
-98.1844028305281
-98.1844028305281
98.3839050299736
98.3839050299736
-98.084022427086
-98.084022427086
98.2842954707293
98.2842954707293
-98.9841030208024
-98.9841030208024
99.1846561745761
99.1846561745761
-99.8841127270197
-99.8841127270197
100.084551413756
100.084551413756
-100.784307728041
-100.784307728041
100.984298783914
100.984298783914
-101.684672846508
-101.684672846508
101.884629554968
101.884629554968
-101.58483328738
-101.58483328738
101.784229600406
101.784229600406
-101.98484506262
-101.98484506262
101.684237415251
101.684237415251
-101.884226358823
-101.884226358823
102.084129575453
102.084129575453
-102.284208808958
-102.284208808958
102.484182753914
102.484182753914
-102.68419199364
-102.68419199364
102.884092758602
102.884092758602
-103.084143678931
-103.084143678931
103.28416154183
103.28416154183
-103.484147709244
-103.484147709244
103.684139185848
103.684139185848
-103.884130057229
-103.884130057229
104.084123988704
104.084123988704
-104.284112630343
-104.284112630343
104.484102639957
104.484102639957
-104.684087376381
-104.684087376381
104.884077416375
104.884077416375
-105.084067415251
-105.084067415251
105.284058700359
105.284058700359
-105.484050962343
-105.484050962343
105.684040630021
105.684040630021
-105.88402834745
-105.88402834745
106.084018807604
106.084018807604
-106.284009096621
-106.284009096621
106.483996382357
106.483996382357
-106.683992747986
-106.683992747986
106.88398275686
106.88398275686
-107.083974123257
-107.083974123257
107.283964137558
107.283964137558
-107.483951497461
-107.483951497461
107.6839418117
107.6839418117
-107.883930083248
-107.883930083248
108.083920406577
108.083920406577
-108.283904613089
-108.283904613089
108.483895979745
108.483895979745
-108.683887415251
-108.683887415251
108.88387772456
108.88387772456
-109.083870452381
-109.083870452381
109.283860218252
109.283860218252
-109.483852891547
-109.483852891547
109.683844029038
109.683844029038
-109.883835752469
-109.883835752469
110.083822919787
110.083822919787
-110.283810237791
-110.283810237791
110.483797415251
110.483797415251
-110.683788359968
-110.683788359968
110.883776042199
110.883776042199
-111.083767416412
-111.083767416412
111.283758439872
111.283758439872
-111.483746005523
-111.483746005523
111.683741746059
111.683741746059
-111.88373300908
-111.88373300908
112.083722675977
112.083722675977
-112.283715589215
-112.283715589215
112.483702927169
112.483702927169
-112.683689082017
-112.683689082017
112.883678108452
112.883678108452
-113.083666541517
-113.083666541517
113.283657415276
113.283657415276
-113.483648989332
-113.483648989332
113.683643096454
113.683643096454
-113.883631208288
-113.883631208288
114.083621755394
114.083621755394
-114.283610191061
-114.283610191061
114.483599978983
114.483599978983
-114.683588976065
-114.683588976065
114.883581181408
114.883581181408
-115.083574722088
-115.083574722088
115.283555885152
115.283555885152
-115.483553187735
-115.483553187735
115.68353741646
115.68353741646
-115.883527415251
-115.883527415251
116.083524424767
116.083524424767
-116.283508859736
-116.283508859736
116.48350287981
116.48350287981
-116.683491257376
-116.683491257376
116.883479262261
116.883479262261
-117.083468963445
-117.083468963445
117.283456642908
117.283456642908
-117.483450288858
-117.483450288858
117.683440751638
117.683440751638
-117.883433303789
-117.883433303789
118.08342331938
118.08342331938
-118.283407416487
-118.283407416487
118.483403220325
118.483403220325
-118.683390785439
-118.683390785439
118.883379062802
118.883379062802
-119.083373268634
-119.083373268634
119.283360500899
119.283360500899
-119.483350147202
-119.483350147202
119.683343076531
119.683343076531
-119.883328078884
-119.883328078884
120.08331905075
120.08331905075
-120.283307515329
-120.283307515329
120.483297585357
120.483297585357
-120.683292681843
-120.683292681843
120.883278762553
120.883278762553
-121.083269153384
-121.083269153384
121.283257415251
121.283257415251
-121.483247446993
-121.483247446993
121.683241466185
121.683241466185
-121.883233475506
-121.883233475506
122.083220378032
122.083220378032
-122.283214724915
-122.283214724915
122.483199022024
122.483199022024
-122.683192044548
-122.683192044548
122.883181536053
122.883181536053
-123.083166616278
-123.083166616278
123.283160771539
123.283160771539
-123.483147766054
-123.483147766054
123.683139422405
123.683139422405
-123.883133609912
-123.883133609912
124.083125296314
124.083125296314
-124.283112806589
-124.283112806589
124.483103639951
124.483103639951
-124.683085854724
-124.683085854724
124.883080081395
124.883080081395
-125.083067770671
-125.083067770671
125.283057416716
125.283057416716
-125.48305026589
-125.48305026589
125.683035865677
125.683035865677
-125.883035226296
-125.883035226296
126.08302333738
126.08302333738
-126.283010949117
-126.283010949117
126.48300090075
126.48300090075
-126.682986753826
-126.682986753826
126.88298325722
126.88298325722
-127.08296355435
-127.08296355435
127.282953566838
127.282953566838
-127.482887589637
-127.482887589637
127.682936720057
127.682936720057
-127.88274040967
-127.88274040967
128.082905545118
128.082905545118
-128.282721949114
-128.282721949114
128.482492426475
128.482492426475
-129.18258736733
-129.18258736733
129.382581849097
129.382581849097
-130.082663989121
-130.082663989121
130.282651065694
130.282651065694
